DATASET_NAME: COMPAS-ProPublica.train9.csv
ENSEMBLE: RF
NB_TREES: 10
NB_FEATURES: 12
NB_CLASSES: 2
MAX_TREE_DEPTH: 3
Format: node / node type (LN - leave node, IN - internal node) left child / right child / feature / threshold / node_depth / majority class (starts with index 0)

[TREE 0]
NB_NODES: 15
0 IN 1 8 7 0.5 0 -1
1 IN 2 5 9 0.5 1 -1
2 IN 3 4 2 0.5 2 -1
3 LN -1 -1 -1 -1 3 1
4 LN -1 -1 -1 -1 3 1
5 IN 6 7 1 0.5 2 -1
6 LN -1 -1 -1 -1 3 0
7 LN -1 -1 -1 -1 3 1
8 IN 9 12 8 0.5 1 -1
9 IN 10 11 0 0.5 2 -1
10 LN -1 -1 -1 -1 3 1
11 LN -1 -1 -1 -1 3 0
12 IN 13 14 3 0.5 2 -1
13 LN -1 -1 -1 -1 3 0
14 LN -1 -1 -1 -1 3 0

[TREE 1]
NB_NODES: 15
0 IN 1 8 11 0.5 0 -1
1 IN 2 5 2 0.5 1 -1
2 IN 3 4 10 0.5 2 -1
3 LN -1 -1 -1 -1 3 0
4 LN -1 -1 -1 -1 3 0
5 IN 6 7 10 0.5 2 -1
6 LN -1 -1 -1 -1 3 1
7 LN -1 -1 -1 -1 3 1
8 IN 9 12 7 0.5 1 -1
9 IN 10 11 1 0.5 2 -1
10 LN -1 -1 -1 -1 3 1
11 LN -1 -1 -1 -1 3 1
12 IN 13 14 1 0.5 2 -1
13 LN -1 -1 -1 -1 3 1
14 LN -1 -1 -1 -1 3 1

[TREE 2]
NB_NODES: 15
0 IN 1 8 11 0.5 0 -1
1 IN 2 5 2 0.5 1 -1
2 IN 3 4 10 0.5 2 -1
3 LN -1 -1 -1 -1 3 0
4 LN -1 -1 -1 -1 3 0
5 IN 6 7 0 0.5 2 -1
6 LN -1 -1 -1 -1 3 1
7 LN -1 -1 -1 -1 3 0
8 IN 9 12 7 0.5 1 -1
9 IN 10 11 1 0.5 2 -1
10 LN -1 -1 -1 -1 3 1
11 LN -1 -1 -1 -1 3 1
12 IN 13 14 4 0.5 2 -1
13 LN -1 -1 -1 -1 3 1
14 LN -1 -1 -1 -1 3 1

[TREE 3]
NB_NODES: 15
0 IN 1 8 11 0.5 0 -1
1 IN 2 5 3 0.5 1 -1
2 IN 3 4 4 0.5 2 -1
3 LN -1 -1 -1 -1 3 0
4 LN -1 -1 -1 -1 3 0
5 IN 6 7 10 0.5 2 -1
6 LN -1 -1 -1 -1 3 0
7 LN -1 -1 -1 -1 3 1
8 IN 9 12 3 0.5 1 -1
9 IN 10 11 7 0.5 2 -1
10 LN -1 -1 -1 -1 3 1
11 LN -1 -1 -1 -1 3 1
12 IN 13 14 6 0.5 2 -1
13 LN -1 -1 -1 -1 3 1
14 LN -1 -1 -1 -1 3 1

[TREE 4]
NB_NODES: 15
0 IN 1 8 8 0.5 0 -1
1 IN 2 5 9 0.5 1 -1
2 IN 3 4 11 0.5 2 -1
3 LN -1 -1 -1 -1 3 1
4 LN -1 -1 -1 -1 3 1
5 IN 6 7 2 0.5 2 -1
6 LN -1 -1 -1 -1 3 0
7 LN -1 -1 -1 -1 3 1
8 IN 9 12 7 0.5 1 -1
9 IN 10 11 3 0.5 2 -1
10 LN -1 -1 -1 -1 3 0
11 LN -1 -1 -1 -1 3 1
12 IN 13 14 1 0.5 2 -1
13 LN -1 -1 -1 -1 3 0
14 LN -1 -1 -1 -1 3 0

[TREE 5]
NB_NODES: 15
0 IN 1 8 11 0.5 0 -1
1 IN 2 5 3 0.5 1 -1
2 IN 3 4 8 0.5 2 -1
3 LN -1 -1 -1 -1 3 0
4 LN -1 -1 -1 -1 3 0
5 IN 6 7 6 0.5 2 -1
6 LN -1 -1 -1 -1 3 1
7 LN -1 -1 -1 -1 3 0
8 IN 9 12 3 0.5 1 -1
9 IN 10 11 7 0.5 2 -1
10 LN -1 -1 -1 -1 3 1
11 LN -1 -1 -1 -1 3 1
12 IN 13 14 1 0.5 2 -1
13 LN -1 -1 -1 -1 3 1
14 LN -1 -1 -1 -1 3 1

[TREE 6]
NB_NODES: 15
0 IN 1 8 8 0.5 0 -1
1 IN 2 5 7 0.5 1 -1
2 IN 3 4 5 0.5 2 -1
3 LN -1 -1 -1 -1 3 1
4 LN -1 -1 -1 -1 3 1
5 IN 6 7 11 0.5 2 -1
6 LN -1 -1 -1 -1 3 0
7 LN -1 -1 -1 -1 3 1
8 IN 9 12 1 0.5 1 -1
9 IN 10 11 7 0.5 2 -1
10 LN -1 -1 -1 -1 3 1
11 LN -1 -1 -1 -1 3 0
12 IN 13 14 6 0.5 2 -1
13 LN -1 -1 -1 -1 3 1
14 LN -1 -1 -1 -1 3 1

[TREE 7]
NB_NODES: 15
0 IN 1 8 11 0.5 0 -1
1 IN 2 5 3 0.5 1 -1
2 IN 3 4 10 0.5 2 -1
3 LN -1 -1 -1 -1 3 0
4 LN -1 -1 -1 -1 3 0
5 IN 6 7 7 0.5 2 -1
6 LN -1 -1 -1 -1 3 1
7 LN -1 -1 -1 -1 3 0
8 IN 9 12 3 0.5 1 -1
9 IN 10 11 4 0.5 2 -1
10 LN -1 -1 -1 -1 3 1
11 LN -1 -1 -1 -1 3 1
12 IN 13 14 1 0.5 2 -1
13 LN -1 -1 -1 -1 3 1
14 LN -1 -1 -1 -1 3 1

[TREE 8]
NB_NODES: 15
0 IN 1 8 4 0.5 0 -1
1 IN 2 5 8 0.5 1 -1
2 IN 3 4 11 0.5 2 -1
3 LN -1 -1 -1 -1 3 0
4 LN -1 -1 -1 -1 3 1
5 IN 6 7 0 0.5 2 -1
6 LN -1 -1 -1 -1 3 0
7 LN -1 -1 -1 -1 3 0
8 IN 9 12 11 0.5 1 -1
9 IN 10 11 2 0.5 2 -1
10 LN -1 -1 -1 -1 3 0
11 LN -1 -1 -1 -1 3 1
12 IN 13 14 7 0.5 2 -1
13 LN -1 -1 -1 -1 3 1
14 LN -1 -1 -1 -1 3 1

[TREE 9]
NB_NODES: 15
0 IN 1 8 5 0.5 0 -1
1 IN 2 5 0 0.5 1 -1
2 IN 3 4 6 0.5 2 -1
3 LN -1 -1 -1 -1 3 1
4 LN -1 -1 -1 -1 3 1
5 IN 6 7 10 0.5 2 -1
6 LN -1 -1 -1 -1 3 1
7 LN -1 -1 -1 -1 3 0
8 IN 9 12 8 0.5 1 -1
9 IN 10 11 11 0.5 2 -1
10 LN -1 -1 -1 -1 3 0
11 LN -1 -1 -1 -1 3 1
12 IN 13 14 4 0.5 2 -1
13 LN -1 -1 -1 -1 3 0
14 LN -1 -1 -1 -1 3 0

