DATASET_NAME: Breast-Cancer-Wisconsin.train9.csv
ENSEMBLE: RF
NB_TREES: 10
NB_FEATURES: 9
NB_CLASSES: 2
MAX_TREE_DEPTH: 3
Format: node / node type (LN - leave node, IN - internal node) left child / right child / feature / threshold / node_depth / majority class (starts with index 0)

[TREE 0]
NB_NODES: 13
0 IN 1 8 7 2.5 0 -1
1 IN 2 5 5 8.5 1 -1
2 IN 3 4 2 3.5 2 -1
3 LN -1 -1 -1 -1 3 0
4 LN -1 -1 -1 -1 3 0
5 IN 6 7 6 3.5 2 -1
6 LN -1 -1 -1 -1 3 1
7 LN -1 -1 -1 -1 3 1
8 IN 9 10 2 1.5 1 -1
9 LN -1 -1 -1 -1 2 0
10 IN 11 12 2 4.5 2 -1
11 LN -1 -1 -1 -1 3 1
12 LN -1 -1 -1 -1 3 1

[TREE 1]
NB_NODES: 15
0 IN 1 8 2 2.5 0 -1
1 IN 2 5 8 1.5 1 -1
2 IN 3 4 0 9.0 2 -1
3 LN -1 -1 -1 -1 3 0
4 LN -1 -1 -1 -1 3 1
5 IN 6 7 0 7.0 2 -1
6 LN -1 -1 -1 -1 3 0
7 LN -1 -1 -1 -1 3 1
8 IN 9 12 1 2.5 1 -1
9 IN 10 11 7 3.0 2 -1
10 LN -1 -1 -1 -1 3 0
11 LN -1 -1 -1 -1 3 1
12 IN 13 14 0 6.5 2 -1
13 LN -1 -1 -1 -1 3 1
14 LN -1 -1 -1 -1 3 1

[TREE 2]
NB_NODES: 15
0 IN 1 8 2 3.5 0 -1
1 IN 2 5 5 3.5 1 -1
2 IN 3 4 1 3.5 2 -1
3 LN -1 -1 -1 -1 3 0
4 LN -1 -1 -1 -1 3 1
5 IN 6 7 2 1.5 2 -1
6 LN -1 -1 -1 -1 3 0
7 LN -1 -1 -1 -1 3 1
8 IN 9 12 1 4.5 1 -1
9 IN 10 11 3 3.5 2 -1
10 LN -1 -1 -1 -1 3 1
11 LN -1 -1 -1 -1 3 1
12 IN 13 14 6 3.5 2 -1
13 LN -1 -1 -1 -1 3 1
14 LN -1 -1 -1 -1 3 1

[TREE 3]
NB_NODES: 15
0 IN 1 8 1 2.5 0 -1
1 IN 2 5 4 3.5 1 -1
2 IN 3 4 0 8.0 2 -1
3 LN -1 -1 -1 -1 3 0
4 LN -1 -1 -1 -1 3 1
5 IN 6 7 0 4.0 2 -1
6 LN -1 -1 -1 -1 3 0
7 LN -1 -1 -1 -1 3 1
8 IN 9 12 2 2.5 1 -1
9 IN 10 11 0 5.5 2 -1
10 LN -1 -1 -1 -1 3 0
11 LN -1 -1 -1 -1 3 1
12 IN 13 14 3 5.5 2 -1
13 LN -1 -1 -1 -1 3 1
14 LN -1 -1 -1 -1 3 1

[TREE 4]
NB_NODES: 15
0 IN 1 8 2 3.5 0 -1
1 IN 2 5 6 3.5 1 -1
2 IN 3 4 5 3.5 2 -1
3 LN -1 -1 -1 -1 3 0
4 LN -1 -1 -1 -1 3 0
5 IN 6 7 2 1.5 2 -1
6 LN -1 -1 -1 -1 3 0
7 LN -1 -1 -1 -1 3 1
8 IN 9 12 5 3.5 1 -1
9 IN 10 11 1 4.5 2 -1
10 LN -1 -1 -1 -1 3 0
11 LN -1 -1 -1 -1 3 1
12 IN 13 14 6 3.5 2 -1
13 LN -1 -1 -1 -1 3 1
14 LN -1 -1 -1 -1 3 1

[TREE 5]
NB_NODES: 13
0 IN 1 8 2 3.5 0 -1
1 IN 2 5 5 5.5 1 -1
2 IN 3 4 7 9.0 2 -1
3 LN -1 -1 -1 -1 3 0
4 LN -1 -1 -1 -1 3 1
5 IN 6 7 1 1.5 2 -1
6 LN -1 -1 -1 -1 3 0
7 LN -1 -1 -1 -1 3 1
8 IN 9 10 1 1.5 1 -1
9 LN -1 -1 -1 -1 2 0
10 IN 11 12 6 1.5 2 -1
11 LN -1 -1 -1 -1 3 0
12 LN -1 -1 -1 -1 3 1

[TREE 6]
NB_NODES: 15
0 IN 1 8 7 2.5 0 -1
1 IN 2 5 0 6.5 1 -1
2 IN 3 4 6 3.5 2 -1
3 LN -1 -1 -1 -1 3 0
4 LN -1 -1 -1 -1 3 0
5 IN 6 7 0 8.5 2 -1
6 LN -1 -1 -1 -1 3 1
7 LN -1 -1 -1 -1 3 1
8 IN 9 12 6 2.5 1 -1
9 IN 10 11 1 2.5 2 -1
10 LN -1 -1 -1 -1 3 0
11 LN -1 -1 -1 -1 3 1
12 IN 13 14 1 4.5 2 -1
13 LN -1 -1 -1 -1 3 1
14 LN -1 -1 -1 -1 3 1

[TREE 7]
NB_NODES: 15
0 IN 1 8 2 3.5 0 -1
1 IN 2 5 6 4.5 1 -1
2 IN 3 4 7 2.5 2 -1
3 LN -1 -1 -1 -1 3 0
4 LN -1 -1 -1 -1 3 0
5 IN 6 7 5 2.5 2 -1
6 LN -1 -1 -1 -1 3 0
7 LN -1 -1 -1 -1 3 1
8 IN 9 12 1 4.5 1 -1
9 IN 10 11 7 2.5 2 -1
10 LN -1 -1 -1 -1 3 0
11 LN -1 -1 -1 -1 3 1
12 IN 13 14 0 6.5 2 -1
13 LN -1 -1 -1 -1 3 1
14 LN -1 -1 -1 -1 3 1

[TREE 8]
NB_NODES: 15
0 IN 1 8 1 3.5 0 -1
1 IN 2 5 0 6.5 1 -1
2 IN 3 4 6 3.5 2 -1
3 LN -1 -1 -1 -1 3 0
4 LN -1 -1 -1 -1 3 0
5 IN 6 7 5 2.5 2 -1
6 LN -1 -1 -1 -1 3 1
7 LN -1 -1 -1 -1 3 1
8 IN 9 12 1 4.5 1 -1
9 IN 10 11 4 6.5 2 -1
10 LN -1 -1 -1 -1 3 1
11 LN -1 -1 -1 -1 3 0
12 IN 13 14 7 2.5 2 -1
13 LN -1 -1 -1 -1 3 1
14 LN -1 -1 -1 -1 3 1

[TREE 9]
NB_NODES: 15
0 IN 1 8 1 3.5 0 -1
1 IN 2 5 7 3.5 1 -1
2 IN 3 4 0 6.5 2 -1
3 LN -1 -1 -1 -1 3 0
4 LN -1 -1 -1 -1 3 1
5 IN 6 7 5 3.5 2 -1
6 LN -1 -1 -1 -1 3 0
7 LN -1 -1 -1 -1 3 1
8 IN 9 12 6 4.5 1 -1
9 IN 10 11 1 4.5 2 -1
10 LN -1 -1 -1 -1 3 1
11 LN -1 -1 -1 -1 3 1
12 IN 13 14 1 4.5 2 -1
13 LN -1 -1 -1 -1 3 1
14 LN -1 -1 -1 -1 3 1

