DATASET_NAME: Seeds.train1.csv
ENSEMBLE: RF
NB_TREES: 10
NB_FEATURES: 7
NB_CLASSES: 3
MAX_TREE_DEPTH: 3
Format: node / node type (LN - leave node, IN - internal node) left child / right child / feature / threshold / node_depth / majority class (starts with index 0)

[TREE 0]
NB_NODES: 13
0 IN 1 8 1 5.5 0 -1
1 IN 2 5 1 2.5 1 -1
2 IN 3 4 5 2.5 2 -1
3 LN -1 -1 -1 -1 3 0
4 LN -1 -1 -1 -1 3 2
5 IN 6 7 0 3.5 2 -1
6 LN -1 -1 -1 -1 3 0
7 LN -1 -1 -1 -1 3 0
8 IN 9 10 4 4.5 1 -1
9 LN -1 -1 -1 -1 2 0
10 IN 11 12 6 5.5 2 -1
11 LN -1 -1 -1 -1 3 0
12 LN -1 -1 -1 -1 3 1

[TREE 1]
NB_NODES: 11
0 IN 1 8 3 6.5 0 -1
1 IN 2 5 0 3.5 1 -1
2 IN 3 4 2 5.5 2 -1
3 LN -1 -1 -1 -1 3 2
4 LN -1 -1 -1 -1 3 0
5 IN 6 7 5 5.5 2 -1
6 LN -1 -1 -1 -1 3 0
7 LN -1 -1 -1 -1 3 1
8 IN 9 10 6 6.5 1 -1
9 LN -1 -1 -1 -1 2 0
10 LN -1 -1 -1 -1 2 1

[TREE 2]
NB_NODES: 9
0 IN 1 8 6 6.5 0 -1
1 IN 2 5 4 3.5 1 -1
2 IN 3 4 3 2.5 2 -1
3 LN -1 -1 -1 -1 3 2
4 LN -1 -1 -1 -1 3 2
5 IN 6 7 0 3.5 2 -1
6 LN -1 -1 -1 -1 3 2
7 LN -1 -1 -1 -1 3 0
8 LN -1 -1 -1 -1 1 1

[TREE 3]
NB_NODES: 13
0 IN 1 8 0 5.5 0 -1
1 IN 2 5 0 2.5 1 -1
2 IN 3 4 2 5.5 2 -1
3 LN -1 -1 -1 -1 3 2
4 LN -1 -1 -1 -1 3 0
5 IN 6 7 0 3.5 2 -1
6 LN -1 -1 -1 -1 3 0
7 LN -1 -1 -1 -1 3 0
8 IN 9 12 3 6.5 1 -1
9 IN 10 11 6 6.5 2 -1
10 LN -1 -1 -1 -1 3 0
11 LN -1 -1 -1 -1 3 1
12 LN -1 -1 -1 -1 2 1

[TREE 4]
NB_NODES: 11
0 IN 1 6 1 6.5 0 -1
1 IN 2 3 4 1.5 1 -1
2 LN -1 -1 -1 -1 2 2
3 IN 4 5 5 6.5 2 -1
4 LN -1 -1 -1 -1 3 0
5 LN -1 -1 -1 -1 3 2
6 IN 7 10 3 6.5 1 -1
7 IN 8 9 5 4.5 2 -1
8 LN -1 -1 -1 -1 3 0
9 LN -1 -1 -1 -1 3 1
10 LN -1 -1 -1 -1 2 1

[TREE 5]
NB_NODES: 13
0 IN 1 6 1 5.5 0 -1
1 IN 2 5 0 3.5 1 -1
2 IN 3 4 2 2.5 2 -1
3 LN -1 -1 -1 -1 3 2
4 LN -1 -1 -1 -1 3 2
5 LN -1 -1 -1 -1 2 0
6 IN 7 10 6 5.5 1 -1
7 IN 8 9 6 3.5 2 -1
8 LN -1 -1 -1 -1 3 1
9 LN -1 -1 -1 -1 3 0
10 IN 11 12 0 6.5 2 -1
11 LN -1 -1 -1 -1 3 1
12 LN -1 -1 -1 -1 3 1

[TREE 6]
NB_NODES: 11
0 IN 1 6 1 5.5 0 -1
1 IN 2 5 0 3.5 1 -1
2 IN 3 4 6 0.5 2 -1
3 LN -1 -1 -1 -1 3 0
4 LN -1 -1 -1 -1 3 2
5 LN -1 -1 -1 -1 2 0
6 IN 7 10 1 6.5 1 -1
7 IN 8 9 6 6.5 2 -1
8 LN -1 -1 -1 -1 3 0
9 LN -1 -1 -1 -1 3 1
10 LN -1 -1 -1 -1 2 1

[TREE 7]
NB_NODES: 13
0 IN 1 8 0 5.5 0 -1
1 IN 2 5 4 2.5 1 -1
2 IN 3 4 1 2.5 2 -1
3 LN -1 -1 -1 -1 3 2
4 LN -1 -1 -1 -1 3 2
5 IN 6 7 1 3.5 2 -1
6 LN -1 -1 -1 -1 3 0
7 LN -1 -1 -1 -1 3 0
8 IN 9 12 3 6.5 1 -1
9 IN 10 11 3 4.5 2 -1
10 LN -1 -1 -1 -1 3 1
11 LN -1 -1 -1 -1 3 0
12 LN -1 -1 -1 -1 2 1

[TREE 8]
NB_NODES: 9
0 IN 1 8 6 6.5 0 -1
1 IN 2 5 0 3.5 1 -1
2 IN 3 4 5 2.5 2 -1
3 LN -1 -1 -1 -1 3 0
4 LN -1 -1 -1 -1 3 2
5 IN 6 7 4 7.5 2 -1
6 LN -1 -1 -1 -1 3 0
7 LN -1 -1 -1 -1 3 1
8 LN -1 -1 -1 -1 1 1

[TREE 9]
NB_NODES: 15
0 IN 1 8 1 5.5 0 -1
1 IN 2 5 5 5.5 1 -1
2 IN 3 4 4 2.5 2 -1
3 LN -1 -1 -1 -1 3 2
4 LN -1 -1 -1 -1 3 0
5 IN 6 7 4 4.5 2 -1
6 LN -1 -1 -1 -1 3 2
7 LN -1 -1 -1 -1 3 0
8 IN 9 12 0 6.5 1 -1
9 IN 10 11 4 5.5 2 -1
10 LN -1 -1 -1 -1 3 1
11 LN -1 -1 -1 -1 3 0
12 IN 13 14 0 7.5 2 -1
13 LN -1 -1 -1 -1 3 1
14 LN -1 -1 -1 -1 3 1

