DATASET_NAME: HTRU2.train3.csv
ENSEMBLE: RF
NB_TREES: 10
NB_FEATURES: 8
NB_CLASSES: 2
MAX_TREE_DEPTH: 3
Format: node / node type (LN - leave node, IN - internal node) left child / right child / feature / threshold / node_depth / majority class (starts with index 0)

[TREE 0]
NB_NODES: 15
0 IN 1 8 2 8.5 0 -1
1 IN 2 5 2 6.5 1 -1
2 IN 3 4 3 4.5 2 -1
3 LN -1 -1 -1 -1 3 0
4 LN -1 -1 -1 -1 3 0
5 IN 6 7 5 7.5 2 -1
6 LN -1 -1 -1 -1 3 0
7 LN -1 -1 -1 -1 3 0
8 IN 9 12 5 6.5 1 -1
9 IN 10 11 4 4.5 2 -1
10 LN -1 -1 -1 -1 3 0
11 LN -1 -1 -1 -1 3 0
12 IN 13 14 1 6.5 2 -1
13 LN -1 -1 -1 -1 3 1
14 LN -1 -1 -1 -1 3 1

[TREE 1]
NB_NODES: 15
0 IN 1 8 2 8.5 0 -1
1 IN 2 5 2 5.5 1 -1
2 IN 3 4 3 6.5 2 -1
3 LN -1 -1 -1 -1 3 0
4 LN -1 -1 -1 -1 3 0
5 IN 6 7 5 7.5 2 -1
6 LN -1 -1 -1 -1 3 0
7 LN -1 -1 -1 -1 3 0
8 IN 9 12 7 2.5 1 -1
9 IN 10 11 0 0.5 2 -1
10 LN -1 -1 -1 -1 3 1
11 LN -1 -1 -1 -1 3 1
12 IN 13 14 4 5.5 2 -1
13 LN -1 -1 -1 -1 3 0
14 LN -1 -1 -1 -1 3 0

[TREE 2]
NB_NODES: 15
0 IN 1 8 0 0.5 0 -1
1 IN 2 5 5 7.5 1 -1
2 IN 3 4 7 2.5 2 -1
3 LN -1 -1 -1 -1 3 1
4 LN -1 -1 -1 -1 3 0
5 IN 6 7 7 1.5 2 -1
6 LN -1 -1 -1 -1 3 1
7 LN -1 -1 -1 -1 3 1
8 IN 9 12 5 7.5 1 -1
9 IN 10 11 2 8.5 2 -1
10 LN -1 -1 -1 -1 3 0
11 LN -1 -1 -1 -1 3 0
12 IN 13 14 2 7.5 2 -1
13 LN -1 -1 -1 -1 3 0
14 LN -1 -1 -1 -1 3 0

[TREE 3]
NB_NODES: 15
0 IN 1 8 3 8.5 0 -1
1 IN 2 5 2 8.5 1 -1
2 IN 3 4 2 7.5 2 -1
3 LN -1 -1 -1 -1 3 0
4 LN -1 -1 -1 -1 3 0
5 IN 6 7 6 2.5 2 -1
6 LN -1 -1 -1 -1 3 1
7 LN -1 -1 -1 -1 3 0
8 IN 9 12 5 6.5 1 -1
9 IN 10 11 0 0.5 2 -1
10 LN -1 -1 -1 -1 3 0
11 LN -1 -1 -1 -1 3 0
12 IN 13 14 0 0.5 2 -1
13 LN -1 -1 -1 -1 3 1
14 LN -1 -1 -1 -1 3 1

[TREE 4]
NB_NODES: 15
0 IN 1 8 2 8.5 0 -1
1 IN 2 5 5 7.5 1 -1
2 IN 3 4 0 4.5 2 -1
3 LN -1 -1 -1 -1 3 0
4 LN -1 -1 -1 -1 3 0
5 IN 6 7 2 6.5 2 -1
6 LN -1 -1 -1 -1 3 0
7 LN -1 -1 -1 -1 3 0
8 IN 9 12 5 6.5 1 -1
9 IN 10 11 1 2.5 2 -1
10 LN -1 -1 -1 -1 3 0
11 LN -1 -1 -1 -1 3 0
12 IN 13 14 3 8.5 2 -1
13 LN -1 -1 -1 -1 3 1
14 LN -1 -1 -1 -1 3 1

[TREE 5]
NB_NODES: 15
0 IN 1 8 2 8.5 0 -1
1 IN 2 5 4 7.5 1 -1
2 IN 3 4 2 5.5 2 -1
3 LN -1 -1 -1 -1 3 0
4 LN -1 -1 -1 -1 3 0
5 IN 6 7 2 7.5 2 -1
6 LN -1 -1 -1 -1 3 0
7 LN -1 -1 -1 -1 3 0
8 IN 9 12 6 2.5 1 -1
9 IN 10 11 1 3.5 2 -1
10 LN -1 -1 -1 -1 3 1
11 LN -1 -1 -1 -1 3 1
12 IN 13 14 5 6.5 2 -1
13 LN -1 -1 -1 -1 3 0
14 LN -1 -1 -1 -1 3 1

[TREE 6]
NB_NODES: 15
0 IN 1 8 3 8.5 0 -1
1 IN 2 5 2 8.5 1 -1
2 IN 3 4 2 7.5 2 -1
3 LN -1 -1 -1 -1 3 0
4 LN -1 -1 -1 -1 3 0
5 IN 6 7 4 6.5 2 -1
6 LN -1 -1 -1 -1 3 0
7 LN -1 -1 -1 -1 3 1
8 IN 9 12 5 6.5 1 -1
9 IN 10 11 2 8.5 2 -1
10 LN -1 -1 -1 -1 3 0
11 LN -1 -1 -1 -1 3 0
12 IN 13 14 2 8.5 2 -1
13 LN -1 -1 -1 -1 3 0
14 LN -1 -1 -1 -1 3 1

[TREE 7]
NB_NODES: 15
0 IN 1 8 3 8.5 0 -1
1 IN 2 5 2 8.5 1 -1
2 IN 3 4 5 7.5 2 -1
3 LN -1 -1 -1 -1 3 0
4 LN -1 -1 -1 -1 3 0
5 IN 6 7 4 6.5 2 -1
6 LN -1 -1 -1 -1 3 0
7 LN -1 -1 -1 -1 3 1
8 IN 9 12 7 2.5 1 -1
9 IN 10 11 2 8.5 2 -1
10 LN -1 -1 -1 -1 3 0
11 LN -1 -1 -1 -1 3 1
12 IN 13 14 1 1.5 2 -1
13 LN -1 -1 -1 -1 3 0
14 LN -1 -1 -1 -1 3 1

[TREE 8]
NB_NODES: 15
0 IN 1 8 2 8.5 0 -1
1 IN 2 5 2 5.5 1 -1
2 IN 3 4 2 3.5 2 -1
3 LN -1 -1 -1 -1 3 0
4 LN -1 -1 -1 -1 3 0
5 IN 6 7 4 7.5 2 -1
6 LN -1 -1 -1 -1 3 0
7 LN -1 -1 -1 -1 3 0
8 IN 9 12 4 6.5 1 -1
9 IN 10 11 1 2.5 2 -1
10 LN -1 -1 -1 -1 3 0
11 LN -1 -1 -1 -1 3 0
12 IN 13 14 3 8.5 2 -1
13 LN -1 -1 -1 -1 3 1
14 LN -1 -1 -1 -1 3 1

[TREE 9]
NB_NODES: 15
0 IN 1 8 0 0.5 0 -1
1 IN 2 5 5 6.5 1 -1
2 IN 3 4 3 8.5 2 -1
3 LN -1 -1 -1 -1 3 0
4 LN -1 -1 -1 -1 3 0
5 IN 6 7 4 7.5 2 -1
6 LN -1 -1 -1 -1 3 1
7 LN -1 -1 -1 -1 3 1
8 IN 9 12 5 7.5 1 -1
9 IN 10 11 0 2.5 2 -1
10 LN -1 -1 -1 -1 3 0
11 LN -1 -1 -1 -1 3 0
12 IN 13 14 0 1.5 2 -1
13 LN -1 -1 -1 -1 3 0
14 LN -1 -1 -1 -1 3 0

